!!python/object:db_formation.formation
CEV: 1.9
NoTLIData: []
OLI: 5543.718008606547
OLI_ad: 1777.9201610740574
OLI_afv: 0
OLI_air: 0
OLI_arty: 782.8586128131312
OLI_at: 2709.4886671683303
OLI_base: 5545.804013014036
OLI_inf: 273.4505675510287
equipment:
  2B11: 8
  9K113 Konkurs: 6
  9K32 Strela-2: 9
  AGS-17: 6
  MPi-KMS: 214
  RPG-7D: 27
  RPK: 27
  SPG-9: 3
faction: DDR
name: (DDR) FJB 40
personnel: 354
personnel_base: 359
type: inf
vehicles: 0
vehicles_base: 1
