!!python/object:db_formation.formation
CEV: 1.18
NoTLIData: []
OLI: 2225.7590915521064
OLI_ad: 0
OLI_afv: 0
OLI_air: 0
OLI_arty: 324.1997735058165
OLI_at: 307.73024966075013
OLI_base: 2255.0255590547913
OLI_inf: 1593.8290683855396
equipment:
  BRDM-2: 6
  BTR-152: 12
  Granatwerfer 82: 9
  MPi-KM: 62
  RPG-7V: 7
  RPK: 12
  SPG-9: 4
faction: DDR
name: (DDR) 18th People's Police
personnel: 157
personnel_base: 159
type: inf
vehicles: 18
vehicles_base: 18
