#!!python/object:db_formation.formation
name: (USSR) 10th Guards Tank Division
shortname: 10.GTD
command: 3.CAA
type: armour
SIDC: SFGPUCA----G
coords: [52.208155, 12.195526]
CEV: 1.90
personnel: 3144
faction: USSR
equipment:
    T-64A: 6
    9K52 Luna-M: 4
    2K12 Kub: 20
    9K32 Strela-2: 27
    AK-74: 1658
    RPG-7V: 51
    RPK-74: 28
    Mi-2: 6
    Mi-8T: 6
    Mi-24: 6
    BTR-60PB: 33
    BRM-1: 3
    BMP-1: 12
    BRDM-2: 6
    UAZ-469: 62
    GAZ-66: 133
    ZIL-131: 232
    Ural-375: 147
    ZIL-151: 62
    Ural-375 POL: 112
    NBC Truck: 22
    BRDM-2rkh: 11
    Ambulance: 29
    Engineering Truck: 40
    TMM: 8
    IMR: 2