#!!python/object:db_formation.formation
name: (USSR) 245th Guards Motor Rifle Regiment
shortname: 245.GMRR
command: 207.MRD
type: mech
SIDC: SFGPUCIM---G
coords: [52.131375, 11.571598]
CEV: 1.90
personnel: 2523
faction: USSR
equipment:
    T-64B: 40
    D-30: 18
    2B11: 24
    9K31 Strela-1: 4
    2S6 Tunguska: 4
    9K32 Strela-2: 30
    BRDM-2 9P148: 9
    RPG-7V: 146
    AGS-17: 18
    RPK-74: 102
    AK-74: 806
    PKM: 54
    BRDM-2U: 22
    BRM-1: 1
    BTR-60PB: 4
    BTR-60PA (FAC): 1
    PRP-3: 1
    BRDM-2: 4
    BMP-2: 129
    UAZ-469: 22
    GAZ-66: 62
    ZIL-131: 14
    Ural-375: 23
    ZIL-130: 36
    Ural-375 POL: 26
    MT-55: 1
    TMM: 4