#!!python/object:db_formation.formation
name: (USSR) 843rd Guards Artillery Regiment
shortname: 843.GAR
command: 25.TD
type: mech
SIDC: SFGPUCFHE--G
coords: [53.044320, 13.364677]
CEV: 1.90
personnel: 1062
faction: USSR
equipment:
    2S3 Akatsiya: 36
    BM-21: 18
    RPG-7V: 40
    RPK-74: 36
    AK-74: 252
    1V18 ACRV: 8
    1V12 ACRV: 16
    BTR-60PB: 6
    MT-LB: 1
    PRP-3: 3
    UAZ-469: 21
    GAZ-66: 31
    ZIL-130: 49
    ZIL-131: 8
    Ural-375: 72
    Van Truck: 13
    Ural-375 POL: 14