#!!python/object:db_formation.formation
name: (USSR) 944th Guards Artillery Regiment
shortname: 944.GAR
command: 20.GMRD
type: mech
SIDC: SFGPUCFHE--G
coords: [51.157720, 12.928458]
CEV: 1.90
personnel: 1062
faction: USSR
equipment:
    2S3 Akatsiya: 54
    BM-21: 18
    RPG-7V: 58
    RPK-74: 54
    AK-74: 378
    1V18 ACRV: 8
    1V12 ACRV: 24
    BTR-60PB: 6
    MT-LB: 1
    PRP-3: 4
    UAZ-469: 22
    GAZ-66: 38
    ZIL-130: 51
    ZIL-131: 8
    Ural-375: 90
    Van Truck: 15
    Ural-375 POL: 16