!!python/object:db_formation.formation
CEV: 1.18
NoTLIData: []
OLI: 2247.179922783747
OLI_ad: 0
OLI_afv: 0
OLI_air: 0
OLI_arty: 324.1997735058165
OLI_at: 335.3297588817441
OLI_base: 2247.179922783747
OLI_inf: 1587.6503903961864
equipment:
  BRDM-2: 6
  BTR-152: 12
  Granatwerfer 82: 9
  MPi-KM: 63
  RPG-7V: 8
  RPK: 12
  SPG-9: 4
faction: DDR
name: (DDR) 18th People's Police
personnel: 159
personnel_base: 159
type: inf
vehicles: 18
vehicles_base: 18
