!!python/object:db_formation.formation
CEV: 1.9
NoTLIData:
- 9K32 Strela-2
OLI: 3395.7655625734506
OLI_ad: 0
OLI_afv: 0
OLI_arty: 782.8586128131312
OLI_at: 2343.2111901427706
OLI_base: 3767.8838519399787
OLI_inf: 269.6957596175489
equipment:
  2B11: 8
  9K113 Konkurs: 5
  9K32 Strela-2: 9
  AGS-17: 6
  MPi-KMS: 205
  RPG-7D: 25
  RPK: 27
  SPG-9: 3
faction: DDR
name: (DDR) FJB 40
personnel: 340
personnel_base: 359
type: inf
vehicles: 0
vehicles_base: 1
