!!python/object:db_formation.formation
CEV: 1.18
NoTLIData: []
OLI: 15868.18942102927
OLI_ad: 0
OLI_afv: 0
OLI_arty: 2348.575838439394
OLI_at: 1939.8447158374893
OLI_base: 16855.68361518751
OLI_inf: 11579.768866752387
equipment:
  2B11: 24
  BTR-152: 104
  MPi-KM: 344
  PKM: 36
  RPG-7V: 48
  RPK: 48
  SPG-9: 21
faction: DDR
name: (DDR) Grenzregiment 38
personnel: 879
personnel_base: 901
type: inf
vehicles: 104
vehicles_base: 113
